# Made in Blockbench 4.3.1
mtllib bulletproof_rig_v1.mtl

o cube
v 0.28103062233771714 1.125 -0.19167157642306418
v 0.3027366445460834 1.125 -0.31477254554959017
v 0.28103062233771714 1 -0.19167157642306418
v 0.3027366445460834 1 -0.31477254554959017
v 0.11808519085629435 1.125 -0.3473315788621396
v 0.09637916864792806 1.125 -0.22423060973561362
v 0.11808519085629435 1 -0.3473315788621396
v 0.09637916864792806 1 -0.22423060973561362
vt 0.1875 0.53125
vt 0.234375 0.53125
vt 0.234375 0.5
vt 0.1875 0.5
vt 0.15625 0.53125
vt 0.1875 0.53125
vt 0.1875 0.5
vt 0.15625 0.5
vt 0.265625 0.53125
vt 0.3125 0.53125
vt 0.3125 0.5
vt 0.265625 0.5
vt 0.234375 0.53125
vt 0.265625 0.53125
vt 0.265625 0.5
vt 0.234375 0.5
vt 0.234375 0.53125
vt 0.1875 0.53125
vt 0.1875 0.5625
vt 0.234375 0.5625
vt 0.28125 0.5625
vt 0.234375 0.5625
vt 0.234375 0.53125
vt 0.28125 0.53125
vn 0.17364817766693033 0 -0.984807753012208
vn 0.984807753012208 0 0.17364817766693033
vn -0.17364817766693033 0 0.984807753012208
vn -0.984807753012208 0 -0.17364817766693033
vn 0 1 0
vn 0 -1 0
usemtl m_2
f 4/4/1 7/3/1 5/2/1 2/1/1
f 3/8/2 4/7/2 2/6/2 1/5/2
f 8/12/3 3/11/3 1/10/3 6/9/3
f 7/16/4 8/15/4 6/14/4 5/13/4
f 6/20/5 1/19/5 2/18/5 5/17/5
f 7/24/6 4/23/6 3/22/6 8/21/6
o cube
v 0.2771837170525131 1 -0.19234988961707564
v 0.29753311287285655 1 -0.30775704817319377
v 0.2771837170525131 0.8203125 -0.19234988961707564
v 0.29753311287285655 0.8203125 -0.30775704817319377
v 0.12057546975347537 1 -0.3389594550977203
v 0.10022607393313197 1 -0.2235522965416022
v 0.12057546975347537 0.8203125 -0.3389594550977203
v 0.10022607393313197 0.8203125 -0.2235522965416022
vt 0.421875 0.5625
vt 0.46875 0.5625
vt 0.46875 0.515625
vt 0.421875 0.515625
vt 0.390625 0.5625
vt 0.421875 0.5625
vt 0.421875 0.515625
vt 0.390625 0.515625
vt 0.5 0.5625
vt 0.546875 0.5625
vt 0.546875 0.515625
vt 0.5 0.515625
vt 0.46875 0.5625
vt 0.5 0.5625
vt 0.5 0.515625
vt 0.46875 0.515625
vt 0.46875 0.5625
vt 0.421875 0.5625
vt 0.421875 0.59375
vt 0.46875 0.59375
vt 0.515625 0.59375
vt 0.46875 0.59375
vt 0.46875 0.5625
vt 0.515625 0.5625
vn 0.17364817766693033 0 -0.984807753012208
vn 0.984807753012208 0 0.17364817766693033
vn -0.17364817766693033 0 0.984807753012208
vn -0.984807753012208 0 -0.17364817766693033
vn 0 1 0
vn 0 -1 0
usemtl m_2
f 12/28/7 15/27/7 13/26/7 10/25/7
f 11/32/8 12/31/8 10/30/8 9/29/8
f 16/36/9 11/35/9 9/34/9 14/33/9
f 15/40/10 16/39/10 14/38/10 13/37/10
f 14/44/11 9/43/11 10/42/11 13/41/11
f 15/48/12 12/47/12 11/46/12 16/45/12
o cube
v -0.09637916864792806 1.125 -0.22423060973561362
v -0.11808519085629435 1.125 -0.3473315788621396
v -0.09637916864792806 1 -0.22423060973561362
v -0.11808519085629435 1 -0.3473315788621396
v -0.3027366445460834 1.125 -0.31477254554959017
v -0.28103062233771714 1.125 -0.19167157642306418
v -0.3027366445460834 1 -0.31477254554959017
v -0.28103062233771714 1 -0.19167157642306418
vt 0.453125 0.640625
vt 0.5 0.640625
vt 0.5 0.609375
vt 0.453125 0.609375
vt 0.421875 0.640625
vt 0.453125 0.640625
vt 0.453125 0.609375
vt 0.421875 0.609375
vt 0.53125 0.640625
vt 0.578125 0.640625
vt 0.578125 0.609375
vt 0.53125 0.609375
vt 0.5 0.640625
vt 0.53125 0.640625
vt 0.53125 0.609375
vt 0.5 0.609375
vt 0.5 0.640625
vt 0.453125 0.640625
vt 0.453125 0.671875
vt 0.5 0.671875
vt 0.546875 0.671875
vt 0.5 0.671875
vt 0.5 0.640625
vt 0.546875 0.640625
vn -0.17364817766693033 0 -0.984807753012208
vn 0.984807753012208 0 -0.17364817766693033
vn 0.17364817766693033 0 0.984807753012208
vn -0.984807753012208 0 0.17364817766693033
vn 0 1 0
vn 0 -1 0
usemtl m_2
f 20/52/13 23/51/13 21/50/13 18/49/13
f 19/56/14 20/55/14 18/54/14 17/53/14
f 24/60/15 19/59/15 17/58/15 22/57/15
f 23/64/16 24/63/16 22/62/16 21/61/16
f 22/68/17 17/67/17 18/66/17 21/65/17
f 23/72/18 20/71/18 19/70/18 24/69/18
o cube
v -0.10022607393313199 1 -0.2235522965416022
v -0.12057546975347538 1 -0.3389594550977203
v -0.10022607393313199 0.8203125 -0.2235522965416022
v -0.12057546975347538 0.8203125 -0.3389594550977203
v -0.2975331128728566 1 -0.30775704817319377
v -0.2771837170525132 1 -0.1923498896170756
v -0.2975331128728566 0.8203125 -0.30775704817319377
v -0.2771837170525132 0.8203125 -0.1923498896170756
vt 0.03125 0.5625
vt 0.078125 0.5625
vt 0.078125 0.515625
vt 0.03125 0.515625
vt 0 0.5625
vt 0.03125 0.5625
vt 0.03125 0.515625
vt 0 0.515625
vt 0.109375 0.5625
vt 0.15625 0.5625
vt 0.15625 0.515625
vt 0.109375 0.515625
vt 0.078125 0.5625
vt 0.109375 0.5625
vt 0.109375 0.515625
vt 0.078125 0.515625
vt 0.078125 0.5625
vt 0.03125 0.5625
vt 0.03125 0.59375
vt 0.078125 0.59375
vt 0.125 0.59375
vt 0.078125 0.59375
vt 0.078125 0.5625
vt 0.125 0.5625
vn -0.17364817766693033 0 -0.984807753012208
vn 0.984807753012208 0 -0.17364817766693033
vn 0.17364817766693033 0 0.984807753012208
vn -0.984807753012208 0 0.17364817766693033
vn 0 1 0
vn 0 -1 0
usemtl m_2
f 28/76/19 31/75/19 29/74/19 26/73/19
f 27/80/20 28/79/20 26/78/20 25/77/20
f 32/84/21 27/83/21 25/82/21 30/81/21
f 31/88/22 32/87/22 30/86/22 29/85/22
f 30/92/23 25/91/23 26/90/23 29/89/23
f 31/96/24 28/95/24 27/94/24 32/93/24
o cube
v 0.09375 1.125 -0.234375
v 0.09375 1.125 -0.359375
v 0.09375 1 -0.234375
v 0.09375 1 -0.359375
v -0.09375 1.125 -0.359375
v -0.09375 1.125 -0.234375
v -0.09375 1 -0.359375
v -0.09375 1 -0.234375
vt 0.375 0.703125
vt 0.421875 0.703125
vt 0.421875 0.671875
vt 0.375 0.671875
vt 0.34375 0.703125
vt 0.375 0.703125
vt 0.375 0.671875
vt 0.34375 0.671875
vt 0.453125 0.703125
vt 0.5 0.703125
vt 0.5 0.671875
vt 0.453125 0.671875
vt 0.421875 0.703125
vt 0.453125 0.703125
vt 0.453125 0.671875
vt 0.421875 0.671875
vt 0.421875 0.703125
vt 0.375 0.703125
vt 0.375 0.734375
vt 0.421875 0.734375
vt 0.46875 0.734375
vt 0.421875 0.734375
vt 0.421875 0.703125
vt 0.46875 0.703125
vn 0 0 -1
vn 1 0 0
vn 0 0 1
vn -1 0 0
vn 0 1 0
vn 0 -1 0
usemtl m_2
f 36/100/25 39/99/25 37/98/25 34/97/25
f 35/104/26 36/103/26 34/102/26 33/101/26
f 40/108/27 35/107/27 33/106/27 38/105/27
f 39/112/28 40/111/28 38/110/28 37/109/28
f 38/116/29 33/115/29 34/114/29 37/113/29
f 39/120/30 36/119/30 35/118/30 40/117/30
o cube
v 0.08984375 1 -0.234375
v 0.08984375 1 -0.3515625
v 0.08984375 0.8203125 -0.234375
v 0.08984375 0.8203125 -0.3515625
v -0.08984375 1 -0.3515625
v -0.08984375 1 -0.234375
v -0.08984375 0.8203125 -0.3515625
v -0.08984375 0.8203125 -0.234375
vt 0.03125 0.640625
vt 0.078125 0.640625
vt 0.078125 0.59375
vt 0.03125 0.59375
vt 0 0.640625
vt 0.03125 0.640625
vt 0.03125 0.59375
vt 0 0.59375
vt 0.109375 0.640625
vt 0.15625 0.640625
vt 0.15625 0.59375
vt 0.109375 0.59375
vt 0.078125 0.640625
vt 0.109375 0.640625
vt 0.109375 0.59375
vt 0.078125 0.59375
vt 0.078125 0.640625
vt 0.03125 0.640625
vt 0.03125 0.671875
vt 0.078125 0.671875
vt 0.125 0.671875
vt 0.078125 0.671875
vt 0.078125 0.640625
vt 0.125 0.640625
vn 0 0 -1
vn 1 0 0
vn 0 0 1
vn -1 0 0
vn 0 1 0
vn 0 -1 0
usemtl m_2
f 44/124/31 47/123/31 45/122/31 42/121/31
f 43/128/32 44/127/32 42/126/32 41/125/32
f 48/132/33 43/131/33 41/130/33 46/129/33
f 47/136/34 48/135/34 46/134/34 45/133/34
f 46/140/35 41/139/35 42/138/35 45/137/35
f 47/144/36 44/143/36 43/142/36 48/141/36
o cube
v 0.10546875 1.3445501106526596 0.23726744889919377
v 0.10546875 1.3378935010111614 0.21479511136322052
v 0.10546875 1.262151539687424 0.2616750175846871
v 0.10546875 1.255494930045926 0.23920268004871384
v -0.10546875 1.3378935010111614 0.21479511136322052
v -0.10546875 1.3445501106526596 0.23726744889919377
v -0.10546875 1.255494930045926 0.23920268004871384
v -0.10546875 1.262151539687424 0.2616750175846871
vt 0.015625 0.5
vt 0.078125 0.5
vt 0.078125 0.46875
vt 0.015625 0.46875
vt 0 0.5
vt 0.015625 0.5
vt 0.015625 0.46875
vt 0 0.46875
vt 0.09375 0.5
vt 0.15625 0.5
vt 0.15625 0.46875
vt 0.09375 0.46875
vt 0.078125 0.5
vt 0.09375 0.5
vt 0.09375 0.46875
vt 0.078125 0.46875
vt 0.078125 0.5
vt 0.015625 0.5
vt 0.015625 0.515625
vt 0.078125 0.515625
vt 0.140625 0.515625
vt 0.078125 0.515625
vt 0.078125 0.5
vt 0.140625 0.5
vn 0 -0.28401534470392265 -0.958819734868193
vn 1 0 0
vn 0 0.28401534470392265 0.958819734868193
vn -1 0 0
vn 0 0.958819734868193 -0.28401534470392265
vn 0 -0.958819734868193 0.28401534470392265
usemtl m_2
f 52/148/37 55/147/37 53/146/37 50/145/37
f 51/152/38 52/151/38 50/150/38 49/149/38
f 56/156/39 51/155/39 49/154/39 54/153/39
f 55/160/40 56/159/40 54/158/40 53/157/40
f 54/164/41 49/163/41 50/162/41 53/161/41
f 55/168/42 52/167/42 51/166/42 56/165/42
o cube
v -0.10546875 1.3445501106526598 0.23726744889919388
v -0.08381532345676673 1.3420027364271367 0.22866765763766078
v -0.10546875 1.2621515396874246 0.26167501758468725
v -0.08381532345676673 1.2596041654619015 0.25307522632315416
v -0.11670218092564164 1.319453083280246 0.1525413044147011
v -0.1383556074688749 1.322000457505769 0.1611410956762342
v -0.11670218092564164 1.2370545123150107 0.17694887310019444
v -0.1383556074688749 1.2396018865405338 0.18554866436172754
vt 0.28125 0.4375
vt 0.3125 0.4375
vt 0.3125 0.40625
vt 0.28125 0.40625
vt 0.265625 0.4375
vt 0.28125 0.4375
vt 0.28125 0.40625
vt 0.265625 0.40625
vt 0.328125 0.4375
vt 0.359375 0.4375
vt 0.359375 0.40625
vt 0.328125 0.40625
vt 0.3125 0.4375
vt 0.328125 0.4375
vt 0.328125 0.40625
vt 0.3125 0.40625
vt 0.3125 0.4375
vt 0.28125 0.4375
vt 0.28125 0.453125
vt 0.3125 0.453125
vt 0.34375 0.453125
vt 0.3125 0.453125
vt 0.3125 0.4375
vt 0.34375 0.4375
vn 0.9238795325112867 -0.10868796695565126 -0.3669244271587455
vn 0.38268343236508984 0.262395963891092 0.885833928412622
vn -0.9238795325112867 0.10868796695565126 0.3669244271587455
vn -0.38268343236508984 -0.262395963891092 -0.885833928412622
vn 0 0.958819734868193 -0.2840153447039227
vn 0 -0.958819734868193 0.2840153447039227
usemtl m_2
f 60/172/43 63/171/43 61/170/43 58/169/43
f 59/176/44 60/175/44 58/174/44 57/173/44
f 64/180/45 59/179/45 57/178/45 62/177/45
f 63/184/46 64/183/46 62/182/46 61/181/46
f 62/188/47 57/187/47 58/186/47 61/185/47
f 63/192/48 60/191/48 59/190/48 64/189/48
o cube
v 0.1383556074688749 1.322000457505769 0.1611410956762342
v 0.11670218092564164 1.319453083280246 0.1525413044147011
v 0.1383556074688749 1.2396018865405338 0.18554866436172754
v 0.11670218092564164 1.2370545123150107 0.17694887310019444
v 0.08381532345676673 1.3420027364271367 0.22866765763766078
v 0.10546875 1.3445501106526598 0.23726744889919388
v 0.08381532345676673 1.2596041654619015 0.25307522632315416
v 0.10546875 1.2621515396874246 0.26167501758468725
vt 0.546875 0.453125
vt 0.578125 0.453125
vt 0.578125 0.421875
vt 0.546875 0.421875
vt 0.53125 0.453125
vt 0.546875 0.453125
vt 0.546875 0.421875
vt 0.53125 0.421875
vt 0.59375 0.453125
vt 0.625 0.453125
vt 0.625 0.421875
vt 0.59375 0.421875
vt 0.578125 0.453125
vt 0.59375 0.453125
vt 0.59375 0.421875
vt 0.578125 0.421875
vt 0.578125 0.453125
vt 0.546875 0.453125
vt 0.546875 0.46875
vt 0.578125 0.46875
vt 0.609375 0.46875
vt 0.578125 0.46875
vt 0.578125 0.453125
vt 0.609375 0.453125
vn -0.9238795325112867 -0.10868796695565126 -0.3669244271587455
vn 0.38268343236508984 -0.262395963891092 -0.885833928412622
vn 0.9238795325112867 0.10868796695565126 0.3669244271587455
vn -0.38268343236508984 0.262395963891092 0.885833928412622
vn 0 0.958819734868193 -0.2840153447039227
vn 0 -0.958819734868193 0.2840153447039227
usemtl m_2
f 68/196/49 71/195/49 69/194/49 66/193/49
f 67/200/50 68/199/50 66/198/50 65/197/50
f 72/204/51 67/203/51 65/202/51 70/201/51
f 71/208/52 72/207/52 70/206/52 69/205/52
f 70/212/53 65/211/53 66/210/53 69/209/53
f 71/216/54 68/215/54 67/214/54 72/213/54
o cube
v 0.25 1.1875 -0.09375
v 0.25 1.1875 -0.28125
v 0.25 0.75 -0.09375
v 0.25 0.75 -0.28125
v -0.25 1.1875 -0.28125
v -0.25 1.1875 -0.09375
v -0.25 0.75 -0.28125
v -0.25 0.75 -0.09375
vt 0.046875 0.953125
vt 0.171875 0.953125
vt 0.171875 0.84375
vt 0.046875 0.84375
vt 0 0.953125
vt 0.046875 0.953125
vt 0.046875 0.84375
vt 0 0.84375
vt 0.21875 0.953125
vt 0.34375 0.953125
vt 0.34375 0.84375
vt 0.21875 0.84375
vt 0.171875 0.953125
vt 0.21875 0.953125
vt 0.21875 0.84375
vt 0.171875 0.84375
vt 0.171875 0.953125
vt 0.046875 0.953125
vt 0.046875 1
vt 0.171875 1
vt 0.296875 1
vt 0.171875 1
vt 0.171875 0.953125
vt 0.296875 0.953125
vn 0 0 -1
vn 1 0 0
vn 0 0 1
vn -1 0 0
vn 0 1 0
vn 0 -1 0
usemtl m_2
f 76/220/55 79/219/55 77/218/55 74/217/55
f 75/224/56 76/223/56 74/222/56 73/221/56
f 80/228/57 75/227/57 73/226/57 78/225/57
f 79/232/58 80/231/58 78/230/58 77/229/58
f 78/236/59 73/235/59 74/234/59 77/233/59
f 79/240/60 76/239/60 75/238/60 80/237/60
o cube
v -0.25 1.1875 0.125
v -0.25 1.1875 -0.1875
v -0.25 0.75 0.125
v -0.25 0.75 -0.1875
v -0.375 1.1875 -0.1875
v -0.375 1.1875 0.125
v -0.375 0.75 -0.1875
v -0.375 0.75 0.125
vt 0.421875 0.921875
vt 0.453125 0.921875
vt 0.453125 0.8125
vt 0.421875 0.8125
vt 0.34375 0.921875
vt 0.421875 0.921875
vt 0.421875 0.8125
vt 0.34375 0.8125
vt 0.53125 0.921875
vt 0.5625 0.921875
vt 0.5625 0.8125
vt 0.53125 0.8125
vt 0.453125 0.921875
vt 0.53125 0.921875
vt 0.53125 0.8125
vt 0.453125 0.8125
vt 0.453125 0.921875
vt 0.421875 0.921875
vt 0.421875 1
vt 0.453125 1
vt 0.484375 1
vt 0.453125 1
vt 0.453125 0.921875
vt 0.484375 0.921875
vn 0 0 -1
vn 1 0 0
vn 0 0 1
vn -1 0 0
vn 0 1 0
vn 0 -1 0
usemtl m_2
f 84/244/61 87/243/61 85/242/61 82/241/61
f 83/248/62 84/247/62 82/246/62 81/245/62
f 88/252/63 83/251/63 81/250/63 86/249/63
f 87/256/64 88/255/64 86/254/64 85/253/64
f 86/260/65 81/259/65 82/258/65 85/257/65
f 87/264/66 84/263/66 83/262/66 88/261/66
o cube
v 0.375 1.1875 0.125
v 0.375 1.1875 -0.1875
v 0.375 0.75 0.125
v 0.375 0.75 -0.1875
v 0.25 1.1875 -0.1875
v 0.25 1.1875 0.125
v 0.25 0.75 -0.1875
v 0.25 0.75 0.125
vt 0.28125 0.671875
vt 0.3125 0.671875
vt 0.3125 0.5625
vt 0.28125 0.5625
vt 0.203125 0.671875
vt 0.28125 0.671875
vt 0.28125 0.5625
vt 0.203125 0.5625
vt 0.390625 0.671875
vt 0.421875 0.671875
vt 0.421875 0.5625
vt 0.390625 0.5625
vt 0.3125 0.671875
vt 0.390625 0.671875
vt 0.390625 0.5625
vt 0.3125 0.5625
vt 0.3125 0.671875
vt 0.28125 0.671875
vt 0.28125 0.75
vt 0.3125 0.75
vt 0.34375 0.75
vt 0.3125 0.75
vt 0.3125 0.671875
vt 0.34375 0.671875
vn 0 0 -1
vn 1 0 0
vn 0 0 1
vn -1 0 0
vn 0 1 0
vn 0 -1 0
usemtl m_2
f 92/268/67 95/267/67 93/266/67 90/265/67
f 91/272/68 92/271/68 90/270/68 89/269/68
f 96/276/69 91/275/69 89/274/69 94/273/69
f 95/280/70 96/279/70 94/278/70 93/277/70
f 94/284/71 89/283/71 90/282/71 93/281/71
f 95/288/72 92/287/72 91/286/72 96/285/72
o cube
v 0.25 1.375 0.1875
v 0.25 1.375 0.125
v 0.25 0.75 0.1875
v 0.25 0.75 0.125
v -0.25 1.375 0.125
v -0.25 1.375 0.1875
v -0.25 0.75 0.125
v -0.25 0.75 0.1875
vt 0.015625 0.828125
vt 0.140625 0.828125
vt 0.140625 0.671875
vt 0.015625 0.671875
vt 0 0.828125
vt 0.015625 0.828125
vt 0.015625 0.671875
vt 0 0.671875
vt 0.15625 0.828125
vt 0.28125 0.828125
vt 0.28125 0.671875
vt 0.15625 0.671875
vt 0.140625 0.828125
vt 0.15625 0.828125
vt 0.15625 0.671875
vt 0.140625 0.671875
vt 0.140625 0.828125
vt 0.015625 0.828125
vt 0.015625 0.84375
vt 0.140625 0.84375
vt 0.265625 0.84375
vt 0.140625 0.84375
vt 0.140625 0.828125
vt 0.265625 0.828125
vn 0 0 -1
vn 1 0 0
vn 0 0 1
vn -1 0 0
vn 0 1 0
vn 0 -1 0
usemtl m_2
f 100/292/73 103/291/73 101/290/73 98/289/73
f 99/296/74 100/295/74 98/294/74 97/293/74
f 104/300/75 99/299/75 97/298/75 102/297/75
f 103/304/76 104/303/76 102/302/76 101/301/76
f 102/308/77 97/307/77 98/306/77 101/305/77
f 103/312/78 100/311/78 99/310/78 104/309/78
o cube
v -0.13203567335261654 1.509407551137861 -0.1144055251847318
v -0.1402160135017332 1.5291566392706837 -0.17313631398385107
v -0.0646097738231482 1.3466270300386127 -0.17853430205829465
v -0.07279011397226487 1.3663761181714353 -0.23726509085741393
v -0.3134434258475995 1.4574034957022293 -0.17313631398385107
v -0.3052630856984828 1.4376544075694067 -0.1144055251847318
v -0.24601752631813115 1.294622974602981 -0.23726509085741393
v -0.23783718616901448 1.2748738864701583 -0.17853430205829465
vt 0.015625 0.453125
vt 0.0625 0.453125
vt 0.0625 0.40625
vt 0.015625 0.40625
vt 0 0.453125
vt 0.015625 0.453125
vt 0.015625 0.40625
vt 0 0.40625
vt 0.078125 0.453125
vt 0.125 0.453125
vt 0.125 0.40625
vt 0.078125 0.40625
vt 0.0625 0.453125
vt 0.078125 0.453125
vt 0.078125 0.40625
vt 0.0625 0.40625
vt 0.0625 0.453125
vt 0.015625 0.453125
vt 0.015625 0.46875
vt 0.0625 0.46875
vt 0.109375 0.46875
vt 0.0625 0.46875
vt 0.0625 0.453125
vt 0.109375 0.453125
vn -0.1308854423858667 0.31598541012516207 -0.9396926207859086
vn 0.9238795325112868 0.38268343236508945 0
vn 0.1308854423858667 -0.31598541012516207 0.9396926207859086
vn -0.9238795325112868 -0.38268343236508945 0
vn -0.35960479749049784 0.868162779195991 0.3420201433256686
vn 0.35960479749049784 -0.868162779195991 -0.3420201433256686
usemtl m_2
f 108/316/79 111/315/79 109/314/79 106/313/79
f 107/320/80 108/319/80 106/318/80 105/317/80
f 112/324/81 107/323/81 105/322/81 110/321/81
f 111/328/82 112/327/82 110/326/82 109/325/82
f 110/332/83 105/331/83 106/330/83 109/329/83
f 111/336/84 108/335/84 107/334/84 112/333/84
o cube
v 0.25 1.375 -0.125
v 0.25 1.375 -0.25
v 0.25 1.1875 -0.125
v 0.25 1.1875 -0.25
v -0.25 1.375 -0.25
v -0.25 1.375 -0.125
v -0.25 1.1875 -0.25
v -0.25 1.1875 -0.125
vt 0.375 0.78125
vt 0.5 0.78125
vt 0.5 0.734375
vt 0.375 0.734375
vt 0.34375 0.78125
vt 0.375 0.78125
vt 0.375 0.734375
vt 0.34375 0.734375
vt 0.53125 0.78125
vt 0.65625 0.78125
vt 0.65625 0.734375
vt 0.53125 0.734375
vt 0.5 0.78125
vt 0.53125 0.78125
vt 0.53125 0.734375
vt 0.5 0.734375
vt 0.5 0.78125
vt 0.375 0.78125
vt 0.375 0.8125
vt 0.5 0.8125
vt 0.625 0.8125
vt 0.5 0.8125
vt 0.5 0.78125
vt 0.625 0.78125
vn 0 0 -1
vn 1 0 0
vn 0 0 1
vn -1 0 0
vn 0 1 0
vn 0 -1 0
usemtl m_2
f 116/340/85 119/339/85 117/338/85 114/337/85
f 115/344/86 116/343/86 114/342/86 113/341/86
f 120/348/87 115/347/87 113/346/87 118/345/87
f 119/352/88 120/351/88 118/350/88 117/349/88
f 118/356/89 113/355/89 114/354/89 117/353/89
f 119/360/90 116/359/90 115/358/90 120/357/90
o cube
v -0.13832197825612041 1.5245840336931125 0.024444059304389115
v -0.16119460240605754 1.579803433122953 0.006170827759218081
v -0.11734338935179613 1.473937239840843 -0.15486308243868002
v -0.14021601350173324 1.5291566392706837 -0.17313631398385107
v -0.3344220147519238 1.5080502895544987 0.006170827759218053
v -0.31154939060198666 1.452830890124658 0.024444059304389115
v -0.31344342584759954 1.4574034957022293 -0.1731363139838511
v -0.29057080169766236 1.4021840962723888 -0.15486308243868002
vt 0.515625 0.71875
vt 0.5625 0.71875
vt 0.5625 0.671875
vt 0.515625 0.671875
vt 0.5 0.71875
vt 0.515625 0.71875
vt 0.515625 0.671875
vt 0.5 0.671875
vt 0.578125 0.71875
vt 0.625 0.71875
vt 0.625 0.671875
vt 0.578125 0.671875
vt 0.5625 0.71875
vt 0.578125 0.71875
vt 0.578125 0.671875
vt 0.5625 0.671875
vt 0.5625 0.71875
vt 0.515625 0.71875
vt 0.515625 0.734375
vt 0.5625 0.734375
vt 0.609375 0.734375
vt 0.5625 0.734375
vt 0.5625 0.71875
vt 0.609375 0.71875
vn -0.3659619863989939 0.8835103908774495 -0.29237170472273677
vn 0.9238795325112867 0.3826834323650898 1.6653345369377348e-16
vn 0.3659619863989939 -0.8835103908774495 0.29237170472273677
vn -0.9238795325112867 -0.3826834323650898 -1.6653345369377348e-16
vn -0.11188580748972952 0.27011623387876993 0.9563047559630355
vn 0.11188580748972952 -0.27011623387876993 -0.9563047559630355
usemtl m_2
f 124/364/91 127/363/91 125/362/91 122/361/91
f 123/368/92 124/367/92 122/366/92 121/365/92
f 128/372/93 123/371/93 121/370/93 126/369/93
f 127/376/94 128/375/94 126/374/94 125/373/94
f 126/380/95 121/379/95 122/378/95 125/377/95
f 127/384/96 124/383/96 123/382/96 128/381/96
o cube
v -0.1236655436459256 1.4892002704811458 0.1057393301476781
v -0.14641264189773895 1.544116623585307 0.1250528922961123
v -0.13844750415424412 1.524887080018792 -0.01314273438921608
v -0.16119460240605749 1.5798034331229531 0.006170827759218123
v -0.31964005424360525 1.4723634800168528 0.12505289229611227
v -0.2968929559917919 1.4174471269126916 0.10573933014767806
v -0.3344220147519238 1.508050289554499 0.006170827759218095
v -0.3116749165001104 1.4531339364503377 -0.013142734389216107
vt 0.53125 0.59375
vt 0.578125 0.59375
vt 0.578125 0.5625
vt 0.53125 0.5625
vt 0.515625 0.59375
vt 0.53125 0.59375
vt 0.53125 0.5625
vt 0.515625 0.5625
vt 0.59375 0.59375
vt 0.640625 0.59375
vt 0.640625 0.5625
vt 0.59375 0.5625
vt 0.578125 0.59375
vt 0.59375 0.59375
vt 0.59375 0.5625
vt 0.578125 0.5625
vt 0.578125 0.59375
vt 0.53125 0.59375
vt 0.53125 0.609375
vt 0.578125 0.609375
vt 0.625 0.609375
vt 0.578125 0.609375
vt 0.578125 0.59375
vt 0.625 0.59375
vn -0.36395357202901407 0.8786616496665797 0.30901699437494734
vn 0.923879532511287 0.3826834323650895 1.3877787807814462e-16
vn 0.36395357202901407 -0.8786616496665797 -0.30901699437494734
vn -0.923879532511287 -0.3826834323650895 -1.3877787807814462e-16
vn 0.11825568406654823 -0.28549447630116936 0.9510565162951538
vn -0.11825568406654823 0.28549447630116936 -0.9510565162951538
usemtl m_2
f 132/388/97 135/387/97 133/386/97 130/385/97
f 131/392/98 132/391/98 130/390/98 129/389/98
f 136/396/99 131/395/99 129/394/99 134/393/99
f 135/400/100 136/399/100 134/398/100 133/397/100
f 134/404/101 129/403/101 130/402/101 133/401/101
f 135/408/102 132/407/102 131/406/102 136/405/102
o cube
v -0.0711182116509964 1.3623397889124658 0.10633308593650989
v -0.07649852675039989 1.3753290185952864 0.16723121498558707
v -0.14103232679833544 1.531127393902486 0.06415476324703517
v -0.14641264189773895 1.5441166235853068 0.12505289229611236
v -0.24972593909626617 1.3035758750268323 0.16723121498558707
v -0.24434562399686266 1.2905866453440114 0.10633308593650989
v -0.3196400542436052 1.4723634800168526 0.12505289229611236
v -0.31425973914420174 1.4593742503340317 0.06415476324703517
vt 0.171875 0.484375
vt 0.21875 0.484375
vt 0.21875 0.4375
vt 0.171875 0.4375
vt 0.15625 0.484375
vt 0.171875 0.484375
vt 0.171875 0.4375
vt 0.15625 0.4375
vt 0.234375 0.484375
vt 0.28125 0.484375
vt 0.28125 0.4375
vt 0.234375 0.4375
vt 0.21875 0.484375
vt 0.234375 0.484375
vt 0.234375 0.4375
vt 0.21875 0.4375
vt 0.21875 0.484375
vt 0.171875 0.484375
vt 0.171875 0.5
vt 0.21875 0.5
vt 0.265625 0.5
vt 0.21875 0.5
vt 0.21875 0.484375
vt 0.265625 0.484375
vn -0.08608504159045614 0.20782767492513135 0.9743700647852352
vn 0.9238795325112868 0.38268343236508956 -2.7755575615628926e-17
vn 0.08608504159045614 -0.20782767492513135 -0.9743700647852352
vn -0.9238795325112868 -0.38268343236508956 2.7755575615628926e-17
vn 0.37287528078580845 -0.9002005599467754 0.22495105434386528
vn -0.37287528078580845 0.9002005599467754 -0.22495105434386528
usemtl m_2
f 140/412/103 143/411/103 141/410/103 138/409/103
f 139/416/104 140/415/104 138/414/104 137/413/104
f 144/420/105 139/419/105 137/418/105 142/417/105
f 143/424/106 144/423/106 142/422/106 141/421/106
f 142/428/107 137/427/107 138/426/107 141/425/107
f 143/432/108 140/431/108 139/430/108 144/429/108
o cube
v 0.24434562399686266 1.2905866453440114 0.10633308593650989
v 0.24972593909626617 1.3035758750268323 0.16723121498558707
v 0.31425973914420174 1.4593742503340317 0.06415476324703517
v 0.3196400542436052 1.4723634800168526 0.12505289229611236
v 0.07649852675039989 1.3753290185952864 0.16723121498558707
v 0.0711182116509964 1.3623397889124658 0.10633308593650989
v 0.14641264189773895 1.5441166235853068 0.12505289229611236
v 0.14103232679833544 1.531127393902486 0.06415476324703517
vt 0.4375 0.5
vt 0.484375 0.5
vt 0.484375 0.453125
vt 0.4375 0.453125
vt 0.421875 0.5
vt 0.4375 0.5
vt 0.4375 0.453125
vt 0.421875 0.453125
vt 0.5 0.5
vt 0.546875 0.5
vt 0.546875 0.453125
vt 0.5 0.453125
vt 0.484375 0.5
vt 0.5 0.5
vt 0.5 0.453125
vt 0.484375 0.453125
vt 0.484375 0.5
vt 0.4375 0.5
vt 0.4375 0.515625
vt 0.484375 0.515625
vt 0.53125 0.515625
vt 0.484375 0.515625
vt 0.484375 0.5
vt 0.53125 0.5
vn 0.08608504159045614 0.20782767492513135 0.9743700647852352
vn 0.9238795325112868 -0.38268343236508956 2.7755575615628926e-17
vn -0.08608504159045614 -0.20782767492513135 -0.9743700647852352
vn -0.9238795325112868 0.38268343236508956 -2.7755575615628926e-17
vn -0.37287528078580845 -0.9002005599467754 0.22495105434386528
vn 0.37287528078580845 0.9002005599467754 -0.22495105434386528
usemtl m_2
f 148/436/109 151/435/109 149/434/109 146/433/109
f 147/440/110 148/439/110 146/438/110 145/437/110
f 152/444/111 147/443/111 145/442/111 150/441/111
f 151/448/112 152/447/112 150/446/112 149/445/112
f 150/452/113 145/451/113 146/450/113 149/449/113
f 151/456/114 148/455/114 147/454/114 152/453/114
o cube
v 0.2968929559917919 1.4174471269126916 0.10573933014767806
v 0.31964005424360525 1.4723634800168528 0.12505289229611227
v 0.3116749165001104 1.4531339364503377 -0.013142734389216107
v 0.3344220147519238 1.508050289554499 0.006170827759218095
v 0.14641264189773895 1.544116623585307 0.1250528922961123
v 0.1236655436459256 1.4892002704811458 0.1057393301476781
v 0.16119460240605749 1.5798034331229531 0.006170827759218123
v 0.13844750415424412 1.524887080018792 -0.01314273438921608
vt 0.3125 0.984375
vt 0.359375 0.984375
vt 0.359375 0.953125
vt 0.3125 0.953125
vt 0.296875 0.984375
vt 0.3125 0.984375
vt 0.3125 0.953125
vt 0.296875 0.953125
vt 0.375 0.984375
vt 0.421875 0.984375
vt 0.421875 0.953125
vt 0.375 0.953125
vt 0.359375 0.984375
vt 0.375 0.984375
vt 0.375 0.953125
vt 0.359375 0.953125
vt 0.359375 0.984375
vt 0.3125 0.984375
vt 0.3125 1
vt 0.359375 1
vt 0.40625 1
vt 0.359375 1
vt 0.359375 0.984375
vt 0.40625 0.984375
vn 0.36395357202901407 0.8786616496665797 0.30901699437494734
vn 0.923879532511287 -0.3826834323650895 -1.3877787807814462e-16
vn -0.36395357202901407 -0.8786616496665797 -0.30901699437494734
vn -0.923879532511287 0.3826834323650895 1.3877787807814462e-16
vn -0.11825568406654823 -0.28549447630116936 0.9510565162951538
vn 0.11825568406654823 0.28549447630116936 -0.9510565162951538
usemtl m_2
f 156/460/115 159/459/115 157/458/115 154/457/115
f 155/464/116 156/463/116 154/462/116 153/461/116
f 160/468/117 155/467/117 153/466/117 158/465/117
f 159/472/118 160/471/118 158/470/118 157/469/118
f 158/476/119 153/475/119 154/474/119 157/473/119
f 159/480/120 156/479/120 155/478/120 160/477/120
o cube
v 0.31154939060198666 1.452830890124658 0.024444059304389115
v 0.3344220147519238 1.5080502895544987 0.006170827759218053
v 0.29057080169766236 1.4021840962723888 -0.15486308243868002
v 0.31344342584759954 1.4574034957022293 -0.1731363139838511
v 0.16119460240605754 1.579803433122953 0.006170827759218081
v 0.13832197825612041 1.5245840336931125 0.024444059304389115
v 0.14021601350173324 1.5291566392706837 -0.17313631398385107
v 0.11734338935179613 1.473937239840843 -0.15486308243868002
vt 0.3125 0.5
vt 0.359375 0.5
vt 0.359375 0.453125
vt 0.3125 0.453125
vt 0.296875 0.5
vt 0.3125 0.5
vt 0.3125 0.453125
vt 0.296875 0.453125
vt 0.375 0.5
vt 0.421875 0.5
vt 0.421875 0.453125
vt 0.375 0.453125
vt 0.359375 0.5
vt 0.375 0.5
vt 0.375 0.453125
vt 0.359375 0.453125
vt 0.359375 0.5
vt 0.3125 0.5
vt 0.3125 0.515625
vt 0.359375 0.515625
vt 0.40625 0.515625
vt 0.359375 0.515625
vt 0.359375 0.5
vt 0.40625 0.5
vn 0.3659619863989939 0.8835103908774495 -0.29237170472273677
vn 0.9238795325112867 -0.3826834323650898 -1.6653345369377348e-16
vn -0.3659619863989939 -0.8835103908774495 0.29237170472273677
vn -0.9238795325112867 0.3826834323650898 1.6653345369377348e-16
vn 0.11188580748972952 0.27011623387876993 0.9563047559630355
vn -0.11188580748972952 -0.27011623387876993 -0.9563047559630355
usemtl m_2
f 164/484/121 167/483/121 165/482/121 162/481/121
f 163/488/122 164/487/122 162/486/122 161/485/122
f 168/492/123 163/491/123 161/490/123 166/489/123
f 167/496/124 168/495/124 166/494/124 165/493/124
f 166/500/125 161/499/125 162/498/125 165/497/125
f 167/504/126 164/503/126 163/502/126 168/501/126
o cube
v 0.3052630856984828 1.4376544075694067 -0.1144055251847318
v 0.3134434258475995 1.4574034957022293 -0.17313631398385107
v 0.23783718616901448 1.2748738864701583 -0.17853430205829465
v 0.24601752631813115 1.294622974602981 -0.23726509085741393
v 0.1402160135017332 1.5291566392706837 -0.17313631398385107
v 0.13203567335261654 1.509407551137861 -0.1144055251847318
v 0.07279011397226487 1.3663761181714353 -0.23726509085741393
v 0.0646097738231482 1.3466270300386127 -0.17853430205829465
vt 0.5 0.984375
vt 0.546875 0.984375
vt 0.546875 0.9375
vt 0.5 0.9375
vt 0.484375 0.984375
vt 0.5 0.984375
vt 0.5 0.9375
vt 0.484375 0.9375
vt 0.5625 0.984375
vt 0.609375 0.984375
vt 0.609375 0.9375
vt 0.5625 0.9375
vt 0.546875 0.984375
vt 0.5625 0.984375
vt 0.5625 0.9375
vt 0.546875 0.9375
vt 0.546875 0.984375
vt 0.5 0.984375
vt 0.5 1
vt 0.546875 1
vt 0.59375 1
vt 0.546875 1
vt 0.546875 0.984375
vt 0.59375 0.984375
vn 0.1308854423858667 0.31598541012516207 -0.9396926207859086
vn 0.9238795325112868 -0.38268343236508945 0
vn -0.1308854423858667 -0.31598541012516207 0.9396926207859086
vn -0.9238795325112868 0.38268343236508945 0
vn 0.35960479749049784 0.868162779195991 0.3420201433256686
vn -0.35960479749049784 -0.868162779195991 -0.3420201433256686
usemtl m_2
f 172/508/127 175/507/127 173/506/127 170/505/127
f 171/512/128 172/511/128 170/510/128 169/509/128
f 176/516/129 171/515/129 169/514/129 174/513/129
f 175/520/130 176/519/130 174/518/130 173/517/130
f 174/524/131 169/523/131 170/522/131 173/521/131
f 175/528/132 172/527/132 171/526/132 176/525/132